1111111111111111111111111111111111111111111111111111111111111111111111111111111111111111111111111111
0000000000000000000000000000000000000000000000000000000000000000000000000000000000033100000000010001
1000000000000000000000000000000000000000000000000000000000000000000000000000000000033100010010010001
1000011111110000000000001111111111111110000000000000000001111110000000000000000000033100010010010001
1000000000010000000000000000010001000000000000000000000001000000000000000000000000033100010010010001
1000000000010000000000000000010001000000000000000000000001000000000000000000000000033100010010010001
1000000000010000000000000000010001000000000000000000000001000000000000000000000000033100010010010001
1000010000000000000000000000010001000000000000000000000000000010000000000000000000033100010010010001
1000010000000000000000000000000000000000000000000000000000000010000000000000000000033100010010010001
1000010000000000000000000000000000000000000000000000000000000010000000000000000000033100010010010001
1000010000000000000000011111111111111111111100000000000000000010000000000000000000033100010000010001
1000010000000000000000010000000000000000000100000000000000000010000000000000000000033100010000100001
10000111111111111110000100*0000000000000000100001111111111111111111111111000000000033100010001000001
100000000331330000000001000000000000000*000100000000001000003333000000000000000000033100010010000001
1000000000313000000000011111111100111111111100000000001000000000000000000000000000033100010010000001
1000000000010000000000000000000000000000000000000000001000000000000000000000000000033100010010000001
1000000000010000000000000000000000000000000000000000001000000000000000000000000000033100010010101001
1000000000010000000000000000000000000000000000000000001000000000000011111111110000033100010000000001
1000000000010000000000000111111111111111110000000000001000000000000013300000000000033100010010101001
1000000000000000000000000000000003330000000000000000000000000000000013000000000000033100010000000001
1000000000000000000000000000000000000000000000000000000000000000000010000000000000033100010100101001
1000000000000000000000000000000000000000000000000000000000000000000000000000000000033000010000000005
1101111111011111110111111111111110111111101101111111111111101111111101111111111111111111111110111111
1100000011311111110111111111111110000001101101111111111111101111111101111111111111111111111110111111
1101011111011111110111111111111110111101101101111100000000000000000001111111111111111111111111111111
1131011111011111000000000000000000111101101101111110111111111111111100000000000000000000000000000001
1101011111011111110111111111111110111100000001111110111111111111111111111111111111111111101111111111
1100000111011111110111111111111111111111111100000000000000000111111111111111111111111111101111111111
1110110000000033330011111111111111111003300001111111111111111111111111111111111110000000001111111111
1111111111111111111111111111111111111111111111111111111111111111111111111111111111111111111111111111