1111111111111111111111111111111111111111111111111111111111111111111111111111111111111111111111111111
0000000000000000000000000000000000000000000000000000000000000000000000000000000000033133000000000001
1111111111111111111111111111100000011111111111111111111111111111111111111111111100000000001111111111
1000000000003300000000000000000000000000000000000000000000000330000000000000000000033333300000000001
1111111011111111111111111111110111111111111111111100000011111111111111111000000000111111111001111111
1000001011111111111111111111110111111111111111111101111111111111111111111111101111111111111001111111
1111111011111111111111111111110111111111111111111101111111111111111111111111101111111111111001111111
1111111000033000111111111100000000000000000000000001111111111111111111111111100000000000000000111111
1111111011111111111111111111111110111111111111101111111111111111111111111111101111111111111111111111
1000000011111111111000001111101110111111111110111111111111111111111111111110111100000011111111111111
1110111011111111111111101111101110111111111111101111111111111111111111111111101111111110111110111111
1110111011111111111111101111101110000000000011100000000000300000000000000000001111111110111110000011
1110111311111111111111101111101110111111111111101111111111111111111111111110111111111110111110111111
1110111011111111111111101110000000111110111111101111111111111111011111111110111111111110111110000011
1110111011111111111111101111111111111110000111101111111111111111011111111110111111111110111110111111
1110111011111111111111101111111111111110111111101110000000000000011111111110000000000000000000111111
1110111030000033000000030000000003300000000003001111111111111111011111111111111111111111111111111111
1110111111011111111111111111111110111111111110111111111111111111011111111111111111111111111111111111
1110111111011111111111111111111110111111111110000000000003000000000000000000000000000000000000011111
1110000111011111110000001111111101111111111011111111111111111111111011111111111111111111111101111111
1110111111011111110111111111111110111111111101111111111111111111111101111111111111111111111110111111
1100111111011111110111111111111110111111111101111110000000000111111100000000000000000011111110111111
1101111111011111110111111111111110111111111101111111111111101111111101111111111111111111111110111111
1101000011311111110111111111111110000001111101111111111111101111111101111111111111111111111110111111
1101011111011111110111111111111110111111111101111100000000000000000001111111111111111111111111111111
1131011111011111000000000000000001111111111011111101111111111111111100000000000333333300000000000000
1101011111011111111111111111111110111111111101111110111111111111111111111111111111111111101111111111
1100000111011111111111111111111111111111111101111110000000000111111111111111111111111111101111111111
1110110111000033330011111111111111111003300001111111111111111111111111111111111110000000001111111111
1111111111111111111111111111111111111111111111111111111111111111111111111111111111111111111111111111