1111111111111111111111111111111111111111111111111111111111111111111111111111111111111111111111111111
0000000000000000000000000000000000000000000000000000000000000000000000000000000000000000000000000001
1111111111111111111111111111100000011111111111111111110111111111101111111011111100000000001111111111
1000000000000000000000000000000300000000000000000000000000000000000000000000000000000000000000000001
1111111011111111111101111111110111111111111111111100000011111111111111111000000000111111111001111111
1000001011111111111101111111110111111111111111111101111111111101111111111111101111111111111001111111
1111111011111111111101111111110111111111111111111100000000000001111011111111101111111111111001111111
1111111000000000111101111100000300000000000000000001111111111101111011111111100000000000000000111111
1111111011111101111101111111111110111111111111101111100001111101111011111111101111111111111111111111
1000000011111100000000001111101110111111111110111111111101111100000011111110111100000011111111111111
1110111011111101111111101111101110111111111111101111111101111101111111111111101111111110111110111111
1110111011111101111111101111101110000000000011100000000000000000000000000000001111111110111110000011
1110111011111101111111101111101110111111111111100000000000000000011110111110111111111110111110111111
1110111011111101111111101110000000111110111111100000000000000000011110111110111111111110111110000011
1110111011111101111111101111110111111110000111100000000000000000011110111110111111111110111110111111
1110111011111101111111101111110111111110111111100000000000000000011110111110000000000000000000111111
1110111000000000000000000000000300000000000000001111111111111111011110111111111111111111111111111111
1110111111011111111111111111011110111111111110111111111111111111011110111111111111111111111111111111
1110111111011111111111111111011110111111111100000000000000000000000000000000000000000000000000011111
1110000111011111110000001111011110111111000000111111111111111111011011111111111011111111111101111111
1110111111011111110111111111011110111111111101111111111111111111011101111111111011111111111110111111
1100111111011111110111111111011110111111111101111110000000000111011100000000000000000011111110000111
1101111111011111110111111111011110111111111101111111111111101111011101111111111011111111111110111111
1101000011011111110111111111011110000001111101111111111111101111011101111111111011111111111110111111
1101011111011111110111111111011110111111111101111100000000000330000001111111111011111111111111111111
1101011111011111000000000000000300111111111011111101111111111111101100000000000000000000000000000000
1101011111011111111111111011111110111111111101111110111111111111101111111111111111111111101111111111
1100000111011111111111111011111111111111111101111110000000000111101111111111111111111111101111111111
1110110111000000000011111000001111111000000001111111111111111111101111111111111110000000001111111111
1111111111111111111111111111111111111111111111111111111111111111111111111111111111111111111111111111